2.250000000000000000e+01,2.598076211353316012e+00,-1.000000000000000000e+00
2.350000000000000000e+01,2.598076211353316012e+00,-1.000000000000000000e+00
2.400000000000000000e+01,2.309401076758502924e+00,1.000000000000000000e+00
2.450000000000000000e+01,2.598076211353316012e+00,-1.000000000000000000e+00
2.500000000000000000e+01,2.309401076758502924e+00,1.000000000000000000e+00
2.550000000000000000e+01,2.598076211353316012e+00,-1.000000000000000000e+00
2.600000000000000000e+01,2.309401076758502924e+00,1.000000000000000000e+00
2.650000000000000000e+01,2.598076211353316012e+00,-1.000000000000000000e+00
2.700000000000000000e+01,2.309401076758502924e+00,1.000000000000000000e+00
2.750000000000000000e+01,2.598076211353316012e+00,-1.000000000000000000e+00
2.800000000000000000e+01,2.309401076758502924e+00,1.000000000000000000e+00
2.850000000000000000e+01,2.598076211353316012e+00,-1.000000000000000000e+00
2.900000000000000000e+01,2.309401076758502924e+00,1.000000000000000000e+00
2.950000000000000000e+01,2.598076211353316012e+00,-1.000000000000000000e+00
3.050000000000000000e+01,2.598076211353316012e+00,-1.000000000000000000e+00
1.850000000000000000e+01,4.330127018922192761e+00,-1.000000000000000000e+00
1.900000000000000000e+01,4.041451884327380562e+00,1.000000000000000000e+00
1.950000000000000000e+01,4.330127018922192761e+00,-1.000000000000000000e+00
2.050000000000000000e+01,3.175426480542941299e+00,1.000000000000000000e+00
2.000000000000000000e+01,3.464101615137754386e+00,-1.000000000000000000e+00
2.000000000000000000e+01,4.041451884327380562e+00,1.000000000000000000e+00
2.050000000000000000e+01,4.330127018922192761e+00,-1.000000000000000000e+00
2.150000000000000000e+01,3.175426480542941299e+00,1.000000000000000000e+00
2.100000000000000000e+01,3.464101615137754386e+00,-1.000000000000000000e+00
2.100000000000000000e+01,4.041451884327380562e+00,1.000000000000000000e+00
2.150000000000000000e+01,4.330127018922192761e+00,-1.000000000000000000e+00
2.250000000000000000e+01,3.175426480542941299e+00,1.000000000000000000e+00
2.200000000000000000e+01,3.464101615137754386e+00,-1.000000000000000000e+00
2.200000000000000000e+01,4.041451884327380562e+00,1.000000000000000000e+00
2.250000000000000000e+01,4.330127018922192761e+00,-1.000000000000000000e+00
2.350000000000000000e+01,3.175426480542941299e+00,1.000000000000000000e+00
2.300000000000000000e+01,3.464101615137754386e+00,-1.000000000000000000e+00
2.300000000000000000e+01,4.041451884327380562e+00,1.000000000000000000e+00
2.350000000000000000e+01,4.330127018922192761e+00,-1.000000000000000000e+00
2.450000000000000000e+01,3.175426480542941299e+00,1.000000000000000000e+00
2.400000000000000000e+01,3.464101615137754386e+00,-1.000000000000000000e+00
2.400000000000000000e+01,4.041451884327380562e+00,1.000000000000000000e+00
2.450000000000000000e+01,4.330127018922192761e+00,-1.000000000000000000e+00
2.550000000000000000e+01,3.175426480542941299e+00,1.000000000000000000e+00
2.500000000000000000e+01,3.464101615137754386e+00,-1.000000000000000000e+00
2.500000000000000000e+01,4.041451884327380562e+00,1.000000000000000000e+00
2.550000000000000000e+01,4.330127018922192761e+00,-1.000000000000000000e+00
2.650000000000000000e+01,3.175426480542941299e+00,1.000000000000000000e+00
2.600000000000000000e+01,3.464101615137754386e+00,-1.000000000000000000e+00
2.600000000000000000e+01,4.041451884327380562e+00,1.000000000000000000e+00
2.650000000000000000e+01,4.330127018922192761e+00,-1.000000000000000000e+00
2.750000000000000000e+01,3.175426480542941299e+00,1.000000000000000000e+00
2.700000000000000000e+01,3.464101615137754386e+00,-1.000000000000000000e+00
2.700000000000000000e+01,4.041451884327380562e+00,1.000000000000000000e+00
2.750000000000000000e+01,4.330127018922192761e+00,-1.000000000000000000e+00
2.850000000000000000e+01,3.175426480542941299e+00,1.000000000000000000e+00
2.800000000000000000e+01,3.464101615137754386e+00,-1.000000000000000000e+00
2.800000000000000000e+01,4.041451884327380562e+00,1.000000000000000000e+00
2.850000000000000000e+01,4.330127018922192761e+00,-1.000000000000000000e+00
2.950000000000000000e+01,3.175426480542941299e+00,1.000000000000000000e+00
2.900000000000000000e+01,3.464101615137754386e+00,-1.000000000000000000e+00
2.900000000000000000e+01,4.041451884327380562e+00,1.000000000000000000e+00
2.950000000000000000e+01,4.330127018922192761e+00,-1.000000000000000000e+00
3.050000000000000000e+01,3.175426480542941299e+00,1.000000000000000000e+00
3.000000000000000000e+01,3.464101615137754386e+00,-1.000000000000000000e+00
3.000000000000000000e+01,4.041451884327380562e+00,1.000000000000000000e+00
3.050000000000000000e+01,4.330127018922192761e+00,-1.000000000000000000e+00
3.150000000000000000e+01,3.175426480542941299e+00,1.000000000000000000e+00
3.100000000000000000e+01,3.464101615137754386e+00,-1.000000000000000000e+00
3.100000000000000000e+01,4.041451884327380562e+00,1.000000000000000000e+00
3.150000000000000000e+01,4.330127018922192761e+00,-1.000000000000000000e+00
3.200000000000000000e+01,3.464101615137754386e+00,-1.000000000000000000e+00
3.200000000000000000e+01,4.041451884327380562e+00,1.000000000000000000e+00
3.250000000000000000e+01,4.330127018922192761e+00,-1.000000000000000000e+00
3.300000000000000000e+01,4.041451884327380562e+00,1.000000000000000000e+00
3.350000000000000000e+01,4.330127018922192761e+00,-1.000000000000000000e+00
3.400000000000000000e+01,4.041451884327380562e+00,1.000000000000000000e+00
1.650000000000000000e+01,6.062177826491070398e+00,-1.000000000000000000e+00
1.750000000000000000e+01,4.907477288111818936e+00,1.000000000000000000e+00
1.700000000000000000e+01,5.196152422706632024e+00,-1.000000000000000000e+00
1.700000000000000000e+01,5.773502691896258199e+00,1.000000000000000000e+00
1.750000000000000000e+01,6.062177826491070398e+00,-1.000000000000000000e+00
1.850000000000000000e+01,4.907477288111818936e+00,1.000000000000000000e+00
1.800000000000000000e+01,5.196152422706632024e+00,-1.000000000000000000e+00
1.800000000000000000e+01,5.773502691896258199e+00,1.000000000000000000e+00
1.850000000000000000e+01,6.062177826491070398e+00,-1.000000000000000000e+00
1.950000000000000000e+01,4.907477288111818936e+00,1.000000000000000000e+00
1.900000000000000000e+01,5.196152422706632024e+00,-1.000000000000000000e+00
1.900000000000000000e+01,5.773502691896258199e+00,1.000000000000000000e+00
1.950000000000000000e+01,6.062177826491070398e+00,-1.000000000000000000e+00
2.050000000000000000e+01,4.907477288111818936e+00,1.000000000000000000e+00
2.000000000000000000e+01,5.196152422706632024e+00,-1.000000000000000000e+00
2.000000000000000000e+01,5.773502691896258199e+00,1.000000000000000000e+00
2.050000000000000000e+01,6.062177826491070398e+00,-1.000000000000000000e+00
2.150000000000000000e+01,4.907477288111818936e+00,1.000000000000000000e+00
2.100000000000000000e+01,5.196152422706632024e+00,-1.000000000000000000e+00
2.100000000000000000e+01,5.773502691896258199e+00,1.000000000000000000e+00
2.150000000000000000e+01,6.062177826491070398e+00,-1.000000000000000000e+00
2.250000000000000000e+01,4.907477288111818936e+00,1.000000000000000000e+00
2.200000000000000000e+01,5.196152422706632024e+00,-1.000000000000000000e+00
2.200000000000000000e+01,5.773502691896258199e+00,1.000000000000000000e+00
2.250000000000000000e+01,6.062177826491070398e+00,-1.000000000000000000e+00
2.350000000000000000e+01,4.907477288111818936e+00,1.000000000000000000e+00
2.300000000000000000e+01,5.196152422706632024e+00,-1.000000000000000000e+00
2.300000000000000000e+01,5.773502691896258199e+00,1.000000000000000000e+00
2.350000000000000000e+01,6.062177826491070398e+00,-1.000000000000000000e+00
2.450000000000000000e+01,4.907477288111818936e+00,1.000000000000000000e+00
2.400000000000000000e+01,5.196152422706632024e+00,-1.000000000000000000e+00
2.400000000000000000e+01,5.773502691896258199e+00,1.000000000000000000e+00
2.450000000000000000e+01,6.062177826491070398e+00,-1.000000000000000000e+00
2.550000000000000000e+01,4.907477288111818936e+00,1.000000000000000000e+00
2.500000000000000000e+01,5.196152422706632024e+00,-1.000000000000000000e+00
2.500000000000000000e+01,5.773502691896258199e+00,1.000000000000000000e+00
2.550000000000000000e+01,6.062177826491070398e+00,-1.000000000000000000e+00
2.650000000000000000e+01,4.907477288111818936e+00,1.000000000000000000e+00
2.600000000000000000e+01,5.196152422706632024e+00,-1.000000000000000000e+00
2.600000000000000000e+01,5.773502691896258199e+00,1.000000000000000000e+00
2.650000000000000000e+01,6.062177826491070398e+00,-1.000000000000000000e+00
2.750000000000000000e+01,4.907477288111818936e+00,1.000000000000000000e+00
2.700000000000000000e+01,5.196152422706632024e+00,-1.000000000000000000e+00
2.700000000000000000e+01,5.773502691896258199e+00,1.000000000000000000e+00
2.750000000000000000e+01,6.062177826491070398e+00,-1.000000000000000000e+00
2.850000000000000000e+01,4.907477288111818936e+00,1.000000000000000000e+00
2.800000000000000000e+01,5.196152422706632024e+00,-1.000000000000000000e+00
2.800000000000000000e+01,5.773502691896258199e+00,1.000000000000000000e+00
2.850000000000000000e+01,6.062177826491070398e+00,-1.000000000000000000e+00
2.950000000000000000e+01,4.907477288111818936e+00,1.000000000000000000e+00
2.900000000000000000e+01,5.196152422706632024e+00,-1.000000000000000000e+00
2.900000000000000000e+01,5.773502691896258199e+00,1.000000000000000000e+00
2.950000000000000000e+01,6.062177826491070398e+00,-1.000000000000000000e+00
3.050000000000000000e+01,4.907477288111818936e+00,1.000000000000000000e+00
3.000000000000000000e+01,5.196152422706632024e+00,-1.000000000000000000e+00
3.000000000000000000e+01,5.773502691896258199e+00,1.000000000000000000e+00
3.050000000000000000e+01,6.062177826491070398e+00,-1.000000000000000000e+00
3.150000000000000000e+01,4.907477288111818936e+00,1.000000000000000000e+00
3.100000000000000000e+01,5.196152422706632024e+00,-1.000000000000000000e+00
3.100000000000000000e+01,5.773502691896258199e+00,1.000000000000000000e+00
3.150000000000000000e+01,6.062177826491070398e+00,-1.000000000000000000e+00
3.250000000000000000e+01,4.907477288111818936e+00,1.000000000000000000e+00
3.200000000000000000e+01,5.196152422706632024e+00,-1.000000000000000000e+00
3.200000000000000000e+01,5.773502691896258199e+00,1.000000000000000000e+00
3.250000000000000000e+01,6.062177826491070398e+00,-1.000000000000000000e+00
3.350000000000000000e+01,4.907477288111818936e+00,1.000000000000000000e+00
3.300000000000000000e+01,5.196152422706632024e+00,-1.000000000000000000e+00
3.300000000000000000e+01,5.773502691896258199e+00,1.000000000000000000e+00
3.350000000000000000e+01,6.062177826491070398e+00,-1.000000000000000000e+00
3.450000000000000000e+01,4.907477288111818936e+00,1.000000000000000000e+00
3.400000000000000000e+01,5.196152422706632024e+00,-1.000000000000000000e+00
3.400000000000000000e+01,5.773502691896258199e+00,1.000000000000000000e+00
3.450000000000000000e+01,6.062177826491070398e+00,-1.000000000000000000e+00
3.500000000000000000e+01,5.196152422706632024e+00,-1.000000000000000000e+00
3.500000000000000000e+01,5.773502691896258199e+00,1.000000000000000000e+00
3.550000000000000000e+01,6.062177826491070398e+00,-1.000000000000000000e+00
3.600000000000000000e+01,5.773502691896258199e+00,1.000000000000000000e+00
3.650000000000000000e+01,6.062177826491070398e+00,-1.000000000000000000e+00
1.450000000000000000e+01,7.794228634059947147e+00,-1.000000000000000000e+00
1.550000000000000000e+01,6.639528095680695685e+00,1.000000000000000000e+00
1.500000000000000000e+01,6.928203230275508773e+00,-1.000000000000000000e+00
1.500000000000000000e+01,7.505553499465134948e+00,1.000000000000000000e+00
1.550000000000000000e+01,7.794228634059947147e+00,-1.000000000000000000e+00
1.650000000000000000e+01,6.639528095680695685e+00,1.000000000000000000e+00
1.600000000000000000e+01,6.928203230275508773e+00,-1.000000000000000000e+00
1.600000000000000000e+01,7.505553499465134948e+00,1.000000000000000000e+00
1.650000000000000000e+01,7.794228634059947147e+00,-1.000000000000000000e+00
1.750000000000000000e+01,6.639528095680695685e+00,1.000000000000000000e+00
1.700000000000000000e+01,6.928203230275508773e+00,-1.000000000000000000e+00
1.700000000000000000e+01,7.505553499465134948e+00,1.000000000000000000e+00
1.750000000000000000e+01,7.794228634059947147e+00,-1.000000000000000000e+00
1.850000000000000000e+01,6.639528095680695685e+00,1.000000000000000000e+00
1.800000000000000000e+01,6.928203230275508773e+00,-1.000000000000000000e+00
1.800000000000000000e+01,7.505553499465134948e+00,1.000000000000000000e+00
1.850000000000000000e+01,7.794228634059947147e+00,-1.000000000000000000e+00
1.950000000000000000e+01,6.639528095680695685e+00,1.000000000000000000e+00
1.900000000000000000e+01,6.928203230275508773e+00,-1.000000000000000000e+00
1.900000000000000000e+01,7.505553499465134948e+00,1.000000000000000000e+00
1.950000000000000000e+01,7.794228634059947147e+00,-1.000000000000000000e+00
2.050000000000000000e+01,6.639528095680695685e+00,1.000000000000000000e+00
2.000000000000000000e+01,6.928203230275508773e+00,-1.000000000000000000e+00
2.000000000000000000e+01,7.505553499465134948e+00,1.000000000000000000e+00
2.050000000000000000e+01,7.794228634059947147e+00,-1.000000000000000000e+00
2.150000000000000000e+01,6.639528095680695685e+00,1.000000000000000000e+00
2.100000000000000000e+01,6.928203230275508773e+00,-1.000000000000000000e+00
2.100000000000000000e+01,7.505553499465134948e+00,1.000000000000000000e+00
2.150000000000000000e+01,7.794228634059947147e+00,-1.000000000000000000e+00
2.250000000000000000e+01,6.639528095680695685e+00,1.000000000000000000e+00
2.200000000000000000e+01,6.928203230275508773e+00,-1.000000000000000000e+00
2.200000000000000000e+01,7.505553499465134948e+00,1.000000000000000000e+00
2.250000000000000000e+01,7.794228634059947147e+00,-1.000000000000000000e+00
2.350000000000000000e+01,6.639528095680695685e+00,1.000000000000000000e+00
2.300000000000000000e+01,6.928203230275508773e+00,-1.000000000000000000e+00
2.300000000000000000e+01,7.505553499465134948e+00,1.000000000000000000e+00
2.450000000000000000e+01,6.639528095680695685e+00,1.000000000000000000e+00
2.400000000000000000e+01,6.928203230275508773e+00,-1.000000000000000000e+00
2.400000000000000000e+01,7.505553499465134948e+00,1.000000000000000000e+00
2.550000000000000000e+01,6.639528095680695685e+00,1.000000000000000000e+00
2.500000000000000000e+01,6.928203230275508773e+00,-1.000000000000000000e+00
2.650000000000000000e+01,6.639528095680695685e+00,1.000000000000000000e+00
2.600000000000000000e+01,6.928203230275508773e+00,-1.000000000000000000e+00
2.750000000000000000e+01,6.639528095680695685e+00,1.000000000000000000e+00
2.700000000000000000e+01,6.928203230275508773e+00,-1.000000000000000000e+00
2.850000000000000000e+01,6.639528095680695685e+00,1.000000000000000000e+00
2.800000000000000000e+01,6.928203230275508773e+00,-1.000000000000000000e+00
2.950000000000000000e+01,6.639528095680695685e+00,1.000000000000000000e+00
2.900000000000000000e+01,6.928203230275508773e+00,-1.000000000000000000e+00
2.900000000000000000e+01,7.505553499465134948e+00,1.000000000000000000e+00
2.950000000000000000e+01,7.794228634059947147e+00,-1.000000000000000000e+00
3.050000000000000000e+01,6.639528095680695685e+00,1.000000000000000000e+00
3.000000000000000000e+01,6.928203230275508773e+00,-1.000000000000000000e+00
3.000000000000000000e+01,7.505553499465134948e+00,1.000000000000000000e+00
3.050000000000000000e+01,7.794228634059947147e+00,-1.000000000000000000e+00
3.150000000000000000e+01,6.639528095680695685e+00,1.000000000000000000e+00
3.100000000000000000e+01,6.928203230275508773e+00,-1.000000000000000000e+00
3.100000000000000000e+01,7.505553499465134948e+00,1.000000000000000000e+00
3.150000000000000000e+01,7.794228634059947147e+00,-1.000000000000000000e+00
3.250000000000000000e+01,6.639528095680695685e+00,1.000000000000000000e+00
3.200000000000000000e+01,6.928203230275508773e+00,-1.000000000000000000e+00
3.200000000000000000e+01,7.505553499465134948e+00,1.000000000000000000e+00
3.250000000000000000e+01,7.794228634059947147e+00,-1.000000000000000000e+00
3.350000000000000000e+01,6.639528095680695685e+00,1.000000000000000000e+00
3.300000000000000000e+01,6.928203230275508773e+00,-1.000000000000000000e+00
3.300000000000000000e+01,7.505553499465134948e+00,1.000000000000000000e+00
3.350000000000000000e+01,7.794228634059947147e+00,-1.000000000000000000e+00
3.450000000000000000e+01,6.639528095680695685e+00,1.000000000000000000e+00
3.400000000000000000e+01,6.928203230275508773e+00,-1.000000000000000000e+00
3.400000000000000000e+01,7.505553499465134948e+00,1.000000000000000000e+00
3.450000000000000000e+01,7.794228634059947147e+00,-1.000000000000000000e+00
3.550000000000000000e+01,6.639528095680695685e+00,1.000000000000000000e+00
3.500000000000000000e+01,6.928203230275508773e+00,-1.000000000000000000e+00
3.500000000000000000e+01,7.505553499465134948e+00,1.000000000000000000e+00
3.550000000000000000e+01,7.794228634059947147e+00,-1.000000000000000000e+00
3.650000000000000000e+01,6.639528095680695685e+00,1.000000000000000000e+00
3.600000000000000000e+01,6.928203230275508773e+00,-1.000000000000000000e+00
3.600000000000000000e+01,7.505553499465134948e+00,1.000000000000000000e+00
3.650000000000000000e+01,7.794228634059947147e+00,-1.000000000000000000e+00
3.700000000000000000e+01,6.928203230275508773e+00,-1.000000000000000000e+00
3.700000000000000000e+01,7.505553499465134948e+00,1.000000000000000000e+00
3.750000000000000000e+01,7.794228634059947147e+00,-1.000000000000000000e+00
1.350000000000000000e+01,9.526279441628824785e+00,-1.000000000000000000e+00
1.450000000000000000e+01,8.371578903249572434e+00,1.000000000000000000e+00
1.400000000000000000e+01,8.660254037844385522e+00,-1.000000000000000000e+00
1.400000000000000000e+01,9.237604307034011697e+00,1.000000000000000000e+00
1.450000000000000000e+01,9.526279441628824785e+00,-1.000000000000000000e+00
1.550000000000000000e+01,8.371578903249572434e+00,1.000000000000000000e+00
1.500000000000000000e+01,8.660254037844385522e+00,-1.000000000000000000e+00
1.500000000000000000e+01,9.237604307034011697e+00,1.000000000000000000e+00
1.550000000000000000e+01,9.526279441628824785e+00,-1.000000000000000000e+00
1.650000000000000000e+01,8.371578903249572434e+00,1.000000000000000000e+00
1.600000000000000000e+01,8.660254037844385522e+00,-1.000000000000000000e+00
1.600000000000000000e+01,9.237604307034011697e+00,1.000000000000000000e+00
1.650000000000000000e+01,9.526279441628824785e+00,-1.000000000000000000e+00
1.750000000000000000e+01,8.371578903249572434e+00,1.000000000000000000e+00
1.700000000000000000e+01,8.660254037844385522e+00,-1.000000000000000000e+00
1.700000000000000000e+01,9.237604307034011697e+00,1.000000000000000000e+00
1.750000000000000000e+01,9.526279441628824785e+00,-1.000000000000000000e+00
1.850000000000000000e+01,8.371578903249572434e+00,1.000000000000000000e+00
1.800000000000000000e+01,8.660254037844385522e+00,-1.000000000000000000e+00
1.800000000000000000e+01,9.237604307034011697e+00,1.000000000000000000e+00
1.850000000000000000e+01,9.526279441628824785e+00,-1.000000000000000000e+00
1.950000000000000000e+01,8.371578903249572434e+00,1.000000000000000000e+00
1.900000000000000000e+01,8.660254037844385522e+00,-1.000000000000000000e+00
1.900000000000000000e+01,9.237604307034011697e+00,1.000000000000000000e+00
1.950000000000000000e+01,9.526279441628824785e+00,-1.000000000000000000e+00
2.050000000000000000e+01,8.371578903249572434e+00,1.000000000000000000e+00
2.000000000000000000e+01,8.660254037844385522e+00,-1.000000000000000000e+00
2.000000000000000000e+01,9.237604307034011697e+00,1.000000000000000000e+00
2.150000000000000000e+01,8.371578903249572434e+00,1.000000000000000000e+00
2.100000000000000000e+01,8.660254037844385522e+00,-1.000000000000000000e+00
3.150000000000000000e+01,8.371578903249572434e+00,1.000000000000000000e+00
3.250000000000000000e+01,8.371578903249572434e+00,1.000000000000000000e+00
3.200000000000000000e+01,8.660254037844385522e+00,-1.000000000000000000e+00
3.200000000000000000e+01,9.237604307034011697e+00,1.000000000000000000e+00
3.250000000000000000e+01,9.526279441628824785e+00,-1.000000000000000000e+00
3.350000000000000000e+01,8.371578903249572434e+00,1.000000000000000000e+00
3.300000000000000000e+01,8.660254037844385522e+00,-1.000000000000000000e+00
3.300000000000000000e+01,9.237604307034011697e+00,1.000000000000000000e+00
3.350000000000000000e+01,9.526279441628824785e+00,-1.000000000000000000e+00
3.450000000000000000e+01,8.371578903249572434e+00,1.000000000000000000e+00
3.400000000000000000e+01,8.660254037844385522e+00,-1.000000000000000000e+00
3.400000000000000000e+01,9.237604307034011697e+00,1.000000000000000000e+00
3.450000000000000000e+01,9.526279441628824785e+00,-1.000000000000000000e+00
3.550000000000000000e+01,8.371578903249572434e+00,1.000000000000000000e+00
3.500000000000000000e+01,8.660254037844385522e+00,-1.000000000000000000e+00
3.500000000000000000e+01,9.237604307034011697e+00,1.000000000000000000e+00
3.550000000000000000e+01,9.526279441628824785e+00,-1.000000000000000000e+00
3.650000000000000000e+01,8.371578903249572434e+00,1.000000000000000000e+00
3.600000000000000000e+01,8.660254037844385522e+00,-1.000000000000000000e+00
3.600000000000000000e+01,9.237604307034011697e+00,1.000000000000000000e+00
3.650000000000000000e+01,9.526279441628824785e+00,-1.000000000000000000e+00
3.750000000000000000e+01,8.371578903249572434e+00,1.000000000000000000e+00
3.700000000000000000e+01,8.660254037844385522e+00,-1.000000000000000000e+00
3.700000000000000000e+01,9.237604307034011697e+00,1.000000000000000000e+00
3.750000000000000000e+01,9.526279441628824785e+00,-1.000000000000000000e+00
1.350000000000000000e+01,1.010362971081845096e+01,1.000000000000000000e+00
1.300000000000000000e+01,1.039230484541326405e+01,-1.000000000000000000e+00
1.300000000000000000e+01,1.096965511460289022e+01,1.000000000000000000e+00
1.350000000000000000e+01,1.125833024919770331e+01,-1.000000000000000000e+00
1.450000000000000000e+01,1.010362971081845096e+01,1.000000000000000000e+00
1.400000000000000000e+01,1.039230484541326405e+01,-1.000000000000000000e+00
1.400000000000000000e+01,1.096965511460289022e+01,1.000000000000000000e+00
1.450000000000000000e+01,1.125833024919770331e+01,-1.000000000000000000e+00
1.550000000000000000e+01,1.010362971081845096e+01,1.000000000000000000e+00
1.500000000000000000e+01,1.039230484541326405e+01,-1.000000000000000000e+00
1.500000000000000000e+01,1.096965511460289022e+01,1.000000000000000000e+00
1.550000000000000000e+01,1.125833024919770331e+01,-1.000000000000000000e+00
1.650000000000000000e+01,1.010362971081845096e+01,1.000000000000000000e+00
1.600000000000000000e+01,1.039230484541326405e+01,-1.000000000000000000e+00
1.600000000000000000e+01,1.096965511460289022e+01,1.000000000000000000e+00
1.650000000000000000e+01,1.125833024919770331e+01,-1.000000000000000000e+00
1.750000000000000000e+01,1.010362971081845096e+01,1.000000000000000000e+00
1.700000000000000000e+01,1.039230484541326405e+01,-1.000000000000000000e+00
1.700000000000000000e+01,1.096965511460289022e+01,1.000000000000000000e+00
1.750000000000000000e+01,1.125833024919770331e+01,-1.000000000000000000e+00
1.850000000000000000e+01,1.010362971081845096e+01,1.000000000000000000e+00
1.800000000000000000e+01,1.039230484541326405e+01,-1.000000000000000000e+00
1.800000000000000000e+01,1.096965511460289022e+01,1.000000000000000000e+00
1.850000000000000000e+01,1.125833024919770331e+01,-1.000000000000000000e+00
1.950000000000000000e+01,1.010362971081845096e+01,1.000000000000000000e+00
1.900000000000000000e+01,1.039230484541326405e+01,-1.000000000000000000e+00
1.900000000000000000e+01,1.096965511460289022e+01,1.000000000000000000e+00
3.250000000000000000e+01,1.010362971081845096e+01,1.000000000000000000e+00
3.250000000000000000e+01,1.125833024919770331e+01,-1.000000000000000000e+00
3.350000000000000000e+01,1.010362971081845096e+01,1.000000000000000000e+00
3.300000000000000000e+01,1.039230484541326405e+01,-1.000000000000000000e+00
3.300000000000000000e+01,1.096965511460289022e+01,1.000000000000000000e+00
3.350000000000000000e+01,1.125833024919770331e+01,-1.000000000000000000e+00
3.450000000000000000e+01,1.010362971081845096e+01,1.000000000000000000e+00
3.400000000000000000e+01,1.039230484541326405e+01,-1.000000000000000000e+00
3.400000000000000000e+01,1.096965511460289022e+01,1.000000000000000000e+00
3.450000000000000000e+01,1.125833024919770331e+01,-1.000000000000000000e+00
3.550000000000000000e+01,1.010362971081845096e+01,1.000000000000000000e+00
3.500000000000000000e+01,1.039230484541326405e+01,-1.000000000000000000e+00
3.500000000000000000e+01,1.096965511460289022e+01,1.000000000000000000e+00
3.550000000000000000e+01,1.125833024919770331e+01,-1.000000000000000000e+00
3.650000000000000000e+01,1.010362971081845096e+01,1.000000000000000000e+00
3.600000000000000000e+01,1.039230484541326405e+01,-1.000000000000000000e+00
3.600000000000000000e+01,1.096965511460289022e+01,1.000000000000000000e+00
3.650000000000000000e+01,1.125833024919770331e+01,-1.000000000000000000e+00
3.750000000000000000e+01,1.010362971081845096e+01,1.000000000000000000e+00
3.700000000000000000e+01,1.039230484541326405e+01,-1.000000000000000000e+00
3.700000000000000000e+01,1.096965511460289022e+01,1.000000000000000000e+00
3.750000000000000000e+01,1.125833024919770331e+01,-1.000000000000000000e+00
1.250000000000000000e+01,1.183568051838732771e+01,1.000000000000000000e+00
1.250000000000000000e+01,1.299038105676658006e+01,-1.000000000000000000e+00
1.350000000000000000e+01,1.183568051838732771e+01,1.000000000000000000e+00
1.300000000000000000e+01,1.212435565298214080e+01,-1.000000000000000000e+00
1.300000000000000000e+01,1.270170592217176697e+01,1.000000000000000000e+00
1.350000000000000000e+01,1.299038105676658006e+01,-1.000000000000000000e+00
1.450000000000000000e+01,1.183568051838732771e+01,1.000000000000000000e+00
1.400000000000000000e+01,1.212435565298214080e+01,-1.000000000000000000e+00
1.400000000000000000e+01,1.270170592217176697e+01,1.000000000000000000e+00
1.450000000000000000e+01,1.299038105676658006e+01,-1.000000000000000000e+00
1.550000000000000000e+01,1.183568051838732771e+01,1.000000000000000000e+00
1.500000000000000000e+01,1.212435565298214080e+01,-1.000000000000000000e+00
1.500000000000000000e+01,1.270170592217176697e+01,1.000000000000000000e+00
1.550000000000000000e+01,1.299038105676658006e+01,-1.000000000000000000e+00
1.650000000000000000e+01,1.183568051838732771e+01,1.000000000000000000e+00
1.600000000000000000e+01,1.212435565298214080e+01,-1.000000000000000000e+00
1.600000000000000000e+01,1.270170592217176697e+01,1.000000000000000000e+00
1.650000000000000000e+01,1.299038105676658006e+01,-1.000000000000000000e+00
1.750000000000000000e+01,1.183568051838732771e+01,1.000000000000000000e+00
1.700000000000000000e+01,1.212435565298214080e+01,-1.000000000000000000e+00
1.700000000000000000e+01,1.270170592217176697e+01,1.000000000000000000e+00
1.750000000000000000e+01,1.299038105676658006e+01,-1.000000000000000000e+00
1.850000000000000000e+01,1.183568051838732771e+01,1.000000000000000000e+00
1.800000000000000000e+01,1.212435565298214080e+01,-1.000000000000000000e+00
1.800000000000000000e+01,1.270170592217176697e+01,1.000000000000000000e+00
2.550000000000000000e+01,1.299038105676658006e+01,-1.000000000000000000e+00
2.650000000000000000e+01,1.299038105676658006e+01,-1.000000000000000000e+00
2.750000000000000000e+01,1.299038105676658006e+01,-1.000000000000000000e+00
2.850000000000000000e+01,1.299038105676658006e+01,-1.000000000000000000e+00
2.950000000000000000e+01,1.299038105676658006e+01,-1.000000000000000000e+00
3.050000000000000000e+01,1.299038105676658006e+01,-1.000000000000000000e+00
3.150000000000000000e+01,1.299038105676658006e+01,-1.000000000000000000e+00
3.250000000000000000e+01,1.183568051838732771e+01,1.000000000000000000e+00
3.250000000000000000e+01,1.299038105676658006e+01,-1.000000000000000000e+00
3.350000000000000000e+01,1.183568051838732771e+01,1.000000000000000000e+00
3.300000000000000000e+01,1.212435565298214080e+01,-1.000000000000000000e+00
3.300000000000000000e+01,1.270170592217176697e+01,1.000000000000000000e+00
3.350000000000000000e+01,1.299038105676658006e+01,-1.000000000000000000e+00
3.450000000000000000e+01,1.183568051838732771e+01,1.000000000000000000e+00
3.400000000000000000e+01,1.212435565298214080e+01,-1.000000000000000000e+00
3.400000000000000000e+01,1.270170592217176697e+01,1.000000000000000000e+00
3.450000000000000000e+01,1.299038105676658006e+01,-1.000000000000000000e+00
3.550000000000000000e+01,1.183568051838732771e+01,1.000000000000000000e+00
3.500000000000000000e+01,1.212435565298214080e+01,-1.000000000000000000e+00
3.500000000000000000e+01,1.270170592217176697e+01,1.000000000000000000e+00
3.550000000000000000e+01,1.299038105676658006e+01,-1.000000000000000000e+00
3.650000000000000000e+01,1.183568051838732771e+01,1.000000000000000000e+00
3.600000000000000000e+01,1.212435565298214080e+01,-1.000000000000000000e+00
3.600000000000000000e+01,1.270170592217176697e+01,1.000000000000000000e+00
3.650000000000000000e+01,1.299038105676658006e+01,-1.000000000000000000e+00
3.750000000000000000e+01,1.183568051838732771e+01,1.000000000000000000e+00
3.700000000000000000e+01,1.212435565298214080e+01,-1.000000000000000000e+00
3.700000000000000000e+01,1.270170592217176697e+01,1.000000000000000000e+00
3.750000000000000000e+01,1.299038105676658006e+01,-1.000000000000000000e+00
1.250000000000000000e+01,1.356773132595620446e+01,1.000000000000000000e+00
1.200000000000000000e+01,1.385640646055101755e+01,-1.000000000000000000e+00
1.200000000000000000e+01,1.443375672974064372e+01,1.000000000000000000e+00
1.250000000000000000e+01,1.472243186433545681e+01,-1.000000000000000000e+00
1.350000000000000000e+01,1.356773132595620446e+01,1.000000000000000000e+00
1.300000000000000000e+01,1.385640646055101755e+01,-1.000000000000000000e+00
1.300000000000000000e+01,1.443375672974064372e+01,1.000000000000000000e+00
1.350000000000000000e+01,1.472243186433545681e+01,-1.000000000000000000e+00
1.450000000000000000e+01,1.356773132595620446e+01,1.000000000000000000e+00
1.400000000000000000e+01,1.385640646055101755e+01,-1.000000000000000000e+00
1.400000000000000000e+01,1.443375672974064372e+01,1.000000000000000000e+00
1.450000000000000000e+01,1.472243186433545681e+01,-1.000000000000000000e+00
1.550000000000000000e+01,1.356773132595620446e+01,1.000000000000000000e+00
1.500000000000000000e+01,1.385640646055101755e+01,-1.000000000000000000e+00
1.500000000000000000e+01,1.443375672974064372e+01,1.000000000000000000e+00
1.550000000000000000e+01,1.472243186433545681e+01,-1.000000000000000000e+00
1.650000000000000000e+01,1.356773132595620446e+01,1.000000000000000000e+00
1.600000000000000000e+01,1.385640646055101755e+01,-1.000000000000000000e+00
1.600000000000000000e+01,1.443375672974064372e+01,1.000000000000000000e+00
1.650000000000000000e+01,1.472243186433545681e+01,-1.000000000000000000e+00
1.750000000000000000e+01,1.356773132595620446e+01,1.000000000000000000e+00
1.700000000000000000e+01,1.385640646055101755e+01,-1.000000000000000000e+00
1.700000000000000000e+01,1.443375672974064372e+01,1.000000000000000000e+00
1.750000000000000000e+01,1.472243186433545681e+01,-1.000000000000000000e+00
2.550000000000000000e+01,1.356773132595620446e+01,1.000000000000000000e+00
2.500000000000000000e+01,1.385640646055101755e+01,-1.000000000000000000e+00
2.500000000000000000e+01,1.443375672974064372e+01,1.000000000000000000e+00
2.550000000000000000e+01,1.472243186433545681e+01,-1.000000000000000000e+00
2.650000000000000000e+01,1.356773132595620446e+01,1.000000000000000000e+00
2.600000000000000000e+01,1.385640646055101755e+01,-1.000000000000000000e+00
2.600000000000000000e+01,1.443375672974064372e+01,1.000000000000000000e+00
2.650000000000000000e+01,1.472243186433545681e+01,-1.000000000000000000e+00
2.750000000000000000e+01,1.356773132595620446e+01,1.000000000000000000e+00
2.700000000000000000e+01,1.385640646055101755e+01,-1.000000000000000000e+00
2.700000000000000000e+01,1.443375672974064372e+01,1.000000000000000000e+00
2.750000000000000000e+01,1.472243186433545681e+01,-1.000000000000000000e+00
2.850000000000000000e+01,1.356773132595620446e+01,1.000000000000000000e+00
2.800000000000000000e+01,1.385640646055101755e+01,-1.000000000000000000e+00
2.800000000000000000e+01,1.443375672974064372e+01,1.000000000000000000e+00
2.850000000000000000e+01,1.472243186433545681e+01,-1.000000000000000000e+00
2.950000000000000000e+01,1.356773132595620446e+01,1.000000000000000000e+00
2.900000000000000000e+01,1.385640646055101755e+01,-1.000000000000000000e+00
2.900000000000000000e+01,1.443375672974064372e+01,1.000000000000000000e+00
2.950000000000000000e+01,1.472243186433545681e+01,-1.000000000000000000e+00
3.050000000000000000e+01,1.356773132595620446e+01,1.000000000000000000e+00
3.000000000000000000e+01,1.385640646055101755e+01,-1.000000000000000000e+00
3.000000000000000000e+01,1.443375672974064372e+01,1.000000000000000000e+00
3.050000000000000000e+01,1.472243186433545681e+01,-1.000000000000000000e+00
3.150000000000000000e+01,1.356773132595620446e+01,1.000000000000000000e+00
3.100000000000000000e+01,1.385640646055101755e+01,-1.000000000000000000e+00
3.100000000000000000e+01,1.443375672974064372e+01,1.000000000000000000e+00
3.150000000000000000e+01,1.472243186433545681e+01,-1.000000000000000000e+00
3.250000000000000000e+01,1.356773132595620446e+01,1.000000000000000000e+00
3.200000000000000000e+01,1.385640646055101755e+01,-1.000000000000000000e+00
3.200000000000000000e+01,1.443375672974064372e+01,1.000000000000000000e+00
3.250000000000000000e+01,1.472243186433545681e+01,-1.000000000000000000e+00
3.350000000000000000e+01,1.356773132595620446e+01,1.000000000000000000e+00
3.300000000000000000e+01,1.385640646055101755e+01,-1.000000000000000000e+00
3.300000000000000000e+01,1.443375672974064372e+01,1.000000000000000000e+00
3.350000000000000000e+01,1.472243186433545681e+01,-1.000000000000000000e+00
3.450000000000000000e+01,1.356773132595620446e+01,1.000000000000000000e+00
3.400000000000000000e+01,1.385640646055101755e+01,-1.000000000000000000e+00
3.400000000000000000e+01,1.443375672974064372e+01,1.000000000000000000e+00
3.450000000000000000e+01,1.472243186433545681e+01,-1.000000000000000000e+00
3.550000000000000000e+01,1.356773132595620446e+01,1.000000000000000000e+00
3.500000000000000000e+01,1.385640646055101755e+01,-1.000000000000000000e+00
3.500000000000000000e+01,1.443375672974064372e+01,1.000000000000000000e+00
3.550000000000000000e+01,1.472243186433545681e+01,-1.000000000000000000e+00
3.650000000000000000e+01,1.356773132595620446e+01,1.000000000000000000e+00
3.600000000000000000e+01,1.385640646055101755e+01,-1.000000000000000000e+00
3.600000000000000000e+01,1.443375672974064372e+01,1.000000000000000000e+00
3.650000000000000000e+01,1.472243186433545681e+01,-1.000000000000000000e+00
3.750000000000000000e+01,1.356773132595620446e+01,1.000000000000000000e+00
3.700000000000000000e+01,1.385640646055101755e+01,-1.000000000000000000e+00
3.700000000000000000e+01,1.443375672974064372e+01,1.000000000000000000e+00
3.750000000000000000e+01,1.472243186433545681e+01,-1.000000000000000000e+00
1.250000000000000000e+01,1.529978213352508121e+01,1.000000000000000000e+00
1.200000000000000000e+01,1.558845726811989429e+01,-1.000000000000000000e+00
1.200000000000000000e+01,1.616580753730951869e+01,1.000000000000000000e+00
1.250000000000000000e+01,1.645448267190433356e+01,-1.000000000000000000e+00
1.350000000000000000e+01,1.529978213352508121e+01,1.000000000000000000e+00
1.300000000000000000e+01,1.558845726811989429e+01,-1.000000000000000000e+00
1.300000000000000000e+01,1.616580753730951869e+01,1.000000000000000000e+00
1.350000000000000000e+01,1.645448267190433356e+01,-1.000000000000000000e+00
1.450000000000000000e+01,1.529978213352508121e+01,1.000000000000000000e+00
1.400000000000000000e+01,1.558845726811989429e+01,-1.000000000000000000e+00
1.400000000000000000e+01,1.616580753730951869e+01,1.000000000000000000e+00
1.450000000000000000e+01,1.645448267190433356e+01,-1.000000000000000000e+00
1.550000000000000000e+01,1.529978213352508121e+01,1.000000000000000000e+00
1.500000000000000000e+01,1.558845726811989429e+01,-1.000000000000000000e+00
1.500000000000000000e+01,1.616580753730951869e+01,1.000000000000000000e+00
1.550000000000000000e+01,1.645448267190433356e+01,-1.000000000000000000e+00
1.650000000000000000e+01,1.529978213352508121e+01,1.000000000000000000e+00
1.600000000000000000e+01,1.558845726811989429e+01,-1.000000000000000000e+00
1.600000000000000000e+01,1.616580753730951869e+01,1.000000000000000000e+00
1.650000000000000000e+01,1.645448267190433356e+01,-1.000000000000000000e+00
1.750000000000000000e+01,1.529978213352508121e+01,1.000000000000000000e+00
1.700000000000000000e+01,1.558845726811989429e+01,-1.000000000000000000e+00
1.700000000000000000e+01,1.616580753730951869e+01,1.000000000000000000e+00
1.750000000000000000e+01,1.645448267190433356e+01,-1.000000000000000000e+00
2.550000000000000000e+01,1.529978213352508121e+01,1.000000000000000000e+00
2.500000000000000000e+01,1.558845726811989429e+01,-1.000000000000000000e+00
2.500000000000000000e+01,1.616580753730951869e+01,1.000000000000000000e+00
2.550000000000000000e+01,1.645448267190433356e+01,-1.000000000000000000e+00
2.650000000000000000e+01,1.529978213352508121e+01,1.000000000000000000e+00
2.600000000000000000e+01,1.558845726811989429e+01,-1.000000000000000000e+00
2.600000000000000000e+01,1.616580753730951869e+01,1.000000000000000000e+00
2.650000000000000000e+01,1.645448267190433356e+01,-1.000000000000000000e+00
2.750000000000000000e+01,1.529978213352508121e+01,1.000000000000000000e+00
2.700000000000000000e+01,1.558845726811989429e+01,-1.000000000000000000e+00
2.700000000000000000e+01,1.616580753730951869e+01,1.000000000000000000e+00
2.750000000000000000e+01,1.645448267190433356e+01,-1.000000000000000000e+00
2.850000000000000000e+01,1.529978213352508121e+01,1.000000000000000000e+00
2.800000000000000000e+01,1.558845726811989429e+01,-1.000000000000000000e+00
2.800000000000000000e+01,1.616580753730951869e+01,1.000000000000000000e+00
2.850000000000000000e+01,1.645448267190433356e+01,-1.000000000000000000e+00
2.950000000000000000e+01,1.529978213352508121e+01,1.000000000000000000e+00
2.900000000000000000e+01,1.558845726811989429e+01,-1.000000000000000000e+00
2.900000000000000000e+01,1.616580753730951869e+01,1.000000000000000000e+00
2.950000000000000000e+01,1.645448267190433356e+01,-1.000000000000000000e+00
3.050000000000000000e+01,1.529978213352508121e+01,1.000000000000000000e+00
3.000000000000000000e+01,1.558845726811989429e+01,-1.000000000000000000e+00
3.000000000000000000e+01,1.616580753730951869e+01,1.000000000000000000e+00
3.050000000000000000e+01,1.645448267190433356e+01,-1.000000000000000000e+00
3.150000000000000000e+01,1.529978213352508121e+01,1.000000000000000000e+00
3.100000000000000000e+01,1.558845726811989429e+01,-1.000000000000000000e+00
3.100000000000000000e+01,1.616580753730951869e+01,1.000000000000000000e+00
3.150000000000000000e+01,1.645448267190433356e+01,-1.000000000000000000e+00
3.250000000000000000e+01,1.529978213352508121e+01,1.000000000000000000e+00
3.200000000000000000e+01,1.558845726811989429e+01,-1.000000000000000000e+00
3.200000000000000000e+01,1.616580753730951869e+01,1.000000000000000000e+00
3.250000000000000000e+01,1.645448267190433356e+01,-1.000000000000000000e+00
3.350000000000000000e+01,1.529978213352508121e+01,1.000000000000000000e+00
3.300000000000000000e+01,1.558845726811989429e+01,-1.000000000000000000e+00
3.300000000000000000e+01,1.616580753730951869e+01,1.000000000000000000e+00
3.350000000000000000e+01,1.645448267190433356e+01,-1.000000000000000000e+00
3.450000000000000000e+01,1.529978213352508121e+01,1.000000000000000000e+00
3.400000000000000000e+01,1.558845726811989429e+01,-1.000000000000000000e+00
3.400000000000000000e+01,1.616580753730951869e+01,1.000000000000000000e+00
3.450000000000000000e+01,1.645448267190433356e+01,-1.000000000000000000e+00
3.550000000000000000e+01,1.529978213352508121e+01,1.000000000000000000e+00
3.500000000000000000e+01,1.558845726811989429e+01,-1.000000000000000000e+00
3.500000000000000000e+01,1.616580753730951869e+01,1.000000000000000000e+00
3.550000000000000000e+01,1.645448267190433356e+01,-1.000000000000000000e+00
3.650000000000000000e+01,1.529978213352508121e+01,1.000000000000000000e+00
3.600000000000000000e+01,1.558845726811989429e+01,-1.000000000000000000e+00
3.600000000000000000e+01,1.616580753730951869e+01,1.000000000000000000e+00
3.650000000000000000e+01,1.645448267190433356e+01,-1.000000000000000000e+00
3.750000000000000000e+01,1.529978213352508121e+01,1.000000000000000000e+00
3.700000000000000000e+01,1.558845726811989429e+01,-1.000000000000000000e+00
3.700000000000000000e+01,1.616580753730951869e+01,1.000000000000000000e+00
3.750000000000000000e+01,1.645448267190433356e+01,-1.000000000000000000e+00
1.250000000000000000e+01,1.703183294109395973e+01,1.000000000000000000e+00
1.200000000000000000e+01,1.732050807568877104e+01,-1.000000000000000000e+00
1.200000000000000000e+01,1.789785834487839722e+01,1.000000000000000000e+00
1.250000000000000000e+01,1.818653347947320853e+01,-1.000000000000000000e+00
1.350000000000000000e+01,1.703183294109395973e+01,1.000000000000000000e+00
1.300000000000000000e+01,1.732050807568877104e+01,-1.000000000000000000e+00
1.300000000000000000e+01,1.789785834487839722e+01,1.000000000000000000e+00
1.350000000000000000e+01,1.818653347947320853e+01,-1.000000000000000000e+00
1.450000000000000000e+01,1.703183294109395973e+01,1.000000000000000000e+00
1.400000000000000000e+01,1.732050807568877104e+01,-1.000000000000000000e+00
1.400000000000000000e+01,1.789785834487839722e+01,1.000000000000000000e+00
1.450000000000000000e+01,1.818653347947320853e+01,-1.000000000000000000e+00
1.550000000000000000e+01,1.703183294109395973e+01,1.000000000000000000e+00
1.500000000000000000e+01,1.732050807568877104e+01,-1.000000000000000000e+00
1.500000000000000000e+01,1.789785834487839722e+01,1.000000000000000000e+00
1.550000000000000000e+01,1.818653347947320853e+01,-1.000000000000000000e+00
1.650000000000000000e+01,1.703183294109395973e+01,1.000000000000000000e+00
1.600000000000000000e+01,1.732050807568877104e+01,-1.000000000000000000e+00
1.600000000000000000e+01,1.789785834487839722e+01,1.000000000000000000e+00
1.650000000000000000e+01,1.818653347947320853e+01,-1.000000000000000000e+00
1.750000000000000000e+01,1.703183294109395973e+01,1.000000000000000000e+00
1.700000000000000000e+01,1.732050807568877104e+01,-1.000000000000000000e+00
1.700000000000000000e+01,1.789785834487839722e+01,1.000000000000000000e+00
1.750000000000000000e+01,1.818653347947320853e+01,-1.000000000000000000e+00
2.550000000000000000e+01,1.703183294109395973e+01,1.000000000000000000e+00
2.500000000000000000e+01,1.732050807568877104e+01,-1.000000000000000000e+00
2.650000000000000000e+01,1.703183294109395973e+01,1.000000000000000000e+00
2.600000000000000000e+01,1.732050807568877104e+01,-1.000000000000000000e+00
2.750000000000000000e+01,1.703183294109395973e+01,1.000000000000000000e+00
2.700000000000000000e+01,1.732050807568877104e+01,-1.000000000000000000e+00
2.850000000000000000e+01,1.703183294109395973e+01,1.000000000000000000e+00
2.800000000000000000e+01,1.732050807568877104e+01,-1.000000000000000000e+00
2.950000000000000000e+01,1.703183294109395973e+01,1.000000000000000000e+00
2.900000000000000000e+01,1.732050807568877104e+01,-1.000000000000000000e+00
3.050000000000000000e+01,1.703183294109395973e+01,1.000000000000000000e+00
3.000000000000000000e+01,1.732050807568877104e+01,-1.000000000000000000e+00
3.150000000000000000e+01,1.703183294109395973e+01,1.000000000000000000e+00
3.100000000000000000e+01,1.732050807568877104e+01,-1.000000000000000000e+00
3.250000000000000000e+01,1.703183294109395973e+01,1.000000000000000000e+00
3.200000000000000000e+01,1.732050807568877104e+01,-1.000000000000000000e+00
3.350000000000000000e+01,1.703183294109395973e+01,1.000000000000000000e+00
3.300000000000000000e+01,1.732050807568877104e+01,-1.000000000000000000e+00
3.450000000000000000e+01,1.703183294109395973e+01,1.000000000000000000e+00
3.400000000000000000e+01,1.732050807568877104e+01,-1.000000000000000000e+00
3.550000000000000000e+01,1.703183294109395973e+01,1.000000000000000000e+00
3.500000000000000000e+01,1.732050807568877104e+01,-1.000000000000000000e+00
3.650000000000000000e+01,1.703183294109395973e+01,1.000000000000000000e+00
3.600000000000000000e+01,1.732050807568877104e+01,-1.000000000000000000e+00
3.750000000000000000e+01,1.703183294109395973e+01,1.000000000000000000e+00
3.700000000000000000e+01,1.732050807568877104e+01,-1.000000000000000000e+00
1.250000000000000000e+01,1.876388374866283826e+01,1.000000000000000000e+00
1.200000000000000000e+01,1.905255888325764957e+01,-1.000000000000000000e+00
1.250000000000000000e+01,1.991858428704208706e+01,-1.000000000000000000e+00
1.350000000000000000e+01,1.876388374866283826e+01,1.000000000000000000e+00
1.300000000000000000e+01,1.905255888325764957e+01,-1.000000000000000000e+00
1.300000000000000000e+01,1.962990915244727574e+01,1.000000000000000000e+00
1.350000000000000000e+01,1.991858428704208706e+01,-1.000000000000000000e+00
1.450000000000000000e+01,1.876388374866283826e+01,1.000000000000000000e+00
1.400000000000000000e+01,1.905255888325764957e+01,-1.000000000000000000e+00
1.400000000000000000e+01,1.962990915244727574e+01,1.000000000000000000e+00
1.450000000000000000e+01,1.991858428704208706e+01,-1.000000000000000000e+00
1.550000000000000000e+01,1.876388374866283826e+01,1.000000000000000000e+00
1.500000000000000000e+01,1.905255888325764957e+01,-1.000000000000000000e+00
1.500000000000000000e+01,1.962990915244727574e+01,1.000000000000000000e+00
1.550000000000000000e+01,1.991858428704208706e+01,-1.000000000000000000e+00
1.650000000000000000e+01,1.876388374866283826e+01,1.000000000000000000e+00
1.600000000000000000e+01,1.905255888325764957e+01,-1.000000000000000000e+00
1.600000000000000000e+01,1.962990915244727574e+01,1.000000000000000000e+00
1.650000000000000000e+01,1.991858428704208706e+01,-1.000000000000000000e+00
1.750000000000000000e+01,1.876388374866283826e+01,1.000000000000000000e+00
1.700000000000000000e+01,1.905255888325764957e+01,-1.000000000000000000e+00
1.700000000000000000e+01,1.962990915244727574e+01,1.000000000000000000e+00
1.750000000000000000e+01,1.991858428704208706e+01,-1.000000000000000000e+00
1.800000000000000000e+01,1.905255888325764957e+01,-1.000000000000000000e+00
1.800000000000000000e+01,1.962990915244727574e+01,1.000000000000000000e+00
1.250000000000000000e+01,2.049593455623171678e+01,1.000000000000000000e+00
1.350000000000000000e+01,2.049593455623171678e+01,1.000000000000000000e+00
1.300000000000000000e+01,2.078460969082652809e+01,-1.000000000000000000e+00
1.300000000000000000e+01,2.136195996001615427e+01,1.000000000000000000e+00
1.350000000000000000e+01,2.165063509461096558e+01,-1.000000000000000000e+00
1.450000000000000000e+01,2.049593455623171678e+01,1.000000000000000000e+00
1.400000000000000000e+01,2.078460969082652809e+01,-1.000000000000000000e+00
1.400000000000000000e+01,2.136195996001615427e+01,1.000000000000000000e+00
1.450000000000000000e+01,2.165063509461096558e+01,-1.000000000000000000e+00
1.550000000000000000e+01,2.049593455623171678e+01,1.000000000000000000e+00
1.500000000000000000e+01,2.078460969082652809e+01,-1.000000000000000000e+00
1.500000000000000000e+01,2.136195996001615427e+01,1.000000000000000000e+00
1.550000000000000000e+01,2.165063509461096558e+01,-1.000000000000000000e+00
1.650000000000000000e+01,2.049593455623171678e+01,1.000000000000000000e+00
1.600000000000000000e+01,2.078460969082652809e+01,-1.000000000000000000e+00
1.600000000000000000e+01,2.136195996001615427e+01,1.000000000000000000e+00
1.650000000000000000e+01,2.165063509461096558e+01,-1.000000000000000000e+00
1.750000000000000000e+01,2.049593455623171678e+01,1.000000000000000000e+00
1.700000000000000000e+01,2.078460969082652809e+01,-1.000000000000000000e+00
1.700000000000000000e+01,2.136195996001615427e+01,1.000000000000000000e+00
1.750000000000000000e+01,2.165063509461096558e+01,-1.000000000000000000e+00
1.850000000000000000e+01,2.049593455623171678e+01,1.000000000000000000e+00
1.800000000000000000e+01,2.078460969082652809e+01,-1.000000000000000000e+00
1.800000000000000000e+01,2.136195996001615427e+01,1.000000000000000000e+00
1.850000000000000000e+01,2.165063509461096558e+01,-1.000000000000000000e+00
1.900000000000000000e+01,2.136195996001615427e+01,1.000000000000000000e+00
1.350000000000000000e+01,2.222798536380059176e+01,1.000000000000000000e+00
1.300000000000000000e+01,2.251666049839540307e+01,-1.000000000000000000e+00
1.350000000000000000e+01,2.338268590217984055e+01,-1.000000000000000000e+00
1.450000000000000000e+01,2.222798536380059176e+01,1.000000000000000000e+00
1.400000000000000000e+01,2.251666049839540307e+01,-1.000000000000000000e+00
1.400000000000000000e+01,2.309401076758502924e+01,1.000000000000000000e+00
1.450000000000000000e+01,2.338268590217984055e+01,-1.000000000000000000e+00
1.550000000000000000e+01,2.222798536380059176e+01,1.000000000000000000e+00
1.500000000000000000e+01,2.251666049839540307e+01,-1.000000000000000000e+00
1.500000000000000000e+01,2.309401076758502924e+01,1.000000000000000000e+00
1.550000000000000000e+01,2.338268590217984055e+01,-1.000000000000000000e+00
1.650000000000000000e+01,2.222798536380059176e+01,1.000000000000000000e+00
1.600000000000000000e+01,2.251666049839540307e+01,-1.000000000000000000e+00
1.600000000000000000e+01,2.309401076758502924e+01,1.000000000000000000e+00
1.650000000000000000e+01,2.338268590217984055e+01,-1.000000000000000000e+00
1.750000000000000000e+01,2.222798536380059176e+01,1.000000000000000000e+00
1.700000000000000000e+01,2.251666049839540307e+01,-1.000000000000000000e+00
1.700000000000000000e+01,2.309401076758502924e+01,1.000000000000000000e+00
1.750000000000000000e+01,2.338268590217984055e+01,-1.000000000000000000e+00
1.850000000000000000e+01,2.222798536380059176e+01,1.000000000000000000e+00
1.800000000000000000e+01,2.251666049839540307e+01,-1.000000000000000000e+00
1.800000000000000000e+01,2.309401076758502924e+01,1.000000000000000000e+00
1.850000000000000000e+01,2.338268590217984055e+01,-1.000000000000000000e+00
1.950000000000000000e+01,2.222798536380059176e+01,1.000000000000000000e+00
1.900000000000000000e+01,2.251666049839540307e+01,-1.000000000000000000e+00
1.900000000000000000e+01,2.309401076758502924e+01,1.000000000000000000e+00
1.950000000000000000e+01,2.338268590217984055e+01,-1.000000000000000000e+00
2.000000000000000000e+01,2.309401076758502924e+01,1.000000000000000000e+00
2.050000000000000000e+01,2.338268590217984055e+01,-1.000000000000000000e+00
3.150000000000000000e+01,2.338268590217984055e+01,-1.000000000000000000e+00
3.250000000000000000e+01,2.222798536380059176e+01,1.000000000000000000e+00
3.200000000000000000e+01,2.309401076758502924e+01,1.000000000000000000e+00
3.250000000000000000e+01,2.338268590217984055e+01,-1.000000000000000000e+00
3.300000000000000000e+01,2.251666049839540307e+01,-1.000000000000000000e+00
3.300000000000000000e+01,2.309401076758502924e+01,1.000000000000000000e+00
3.350000000000000000e+01,2.338268590217984055e+01,-1.000000000000000000e+00
3.400000000000000000e+01,2.309401076758502924e+01,1.000000000000000000e+00
3.450000000000000000e+01,2.338268590217984055e+01,-1.000000000000000000e+00
1.450000000000000000e+01,2.396003617136947028e+01,1.000000000000000000e+00
1.400000000000000000e+01,2.424871130596428159e+01,-1.000000000000000000e+00
1.550000000000000000e+01,2.396003617136947028e+01,1.000000000000000000e+00
1.500000000000000000e+01,2.424871130596428159e+01,-1.000000000000000000e+00
1.500000000000000000e+01,2.482606157515390777e+01,1.000000000000000000e+00
1.550000000000000000e+01,2.511473670974871908e+01,-1.000000000000000000e+00
1.650000000000000000e+01,2.396003617136947028e+01,1.000000000000000000e+00
1.600000000000000000e+01,2.424871130596428159e+01,-1.000000000000000000e+00
1.600000000000000000e+01,2.482606157515390777e+01,1.000000000000000000e+00
1.650000000000000000e+01,2.511473670974871908e+01,-1.000000000000000000e+00
1.750000000000000000e+01,2.396003617136947028e+01,1.000000000000000000e+00
1.700000000000000000e+01,2.424871130596428159e+01,-1.000000000000000000e+00
1.700000000000000000e+01,2.482606157515390777e+01,1.000000000000000000e+00
1.750000000000000000e+01,2.511473670974871908e+01,-1.000000000000000000e+00
1.850000000000000000e+01,2.396003617136947028e+01,1.000000000000000000e+00
1.800000000000000000e+01,2.424871130596428159e+01,-1.000000000000000000e+00
1.800000000000000000e+01,2.482606157515390777e+01,1.000000000000000000e+00
1.850000000000000000e+01,2.511473670974871908e+01,-1.000000000000000000e+00
1.950000000000000000e+01,2.396003617136947028e+01,1.000000000000000000e+00
1.900000000000000000e+01,2.424871130596428159e+01,-1.000000000000000000e+00
1.900000000000000000e+01,2.482606157515390777e+01,1.000000000000000000e+00
1.950000000000000000e+01,2.511473670974871908e+01,-1.000000000000000000e+00
2.050000000000000000e+01,2.396003617136947028e+01,1.000000000000000000e+00
2.000000000000000000e+01,2.424871130596428159e+01,-1.000000000000000000e+00
2.000000000000000000e+01,2.482606157515390777e+01,1.000000000000000000e+00
2.050000000000000000e+01,2.511473670974871908e+01,-1.000000000000000000e+00
2.100000000000000000e+01,2.424871130596428159e+01,-1.000000000000000000e+00
2.100000000000000000e+01,2.482606157515390777e+01,1.000000000000000000e+00
2.150000000000000000e+01,2.511473670974871908e+01,-1.000000000000000000e+00
2.200000000000000000e+01,2.482606157515390777e+01,1.000000000000000000e+00
2.250000000000000000e+01,2.511473670974871908e+01,-1.000000000000000000e+00
2.300000000000000000e+01,2.482606157515390777e+01,1.000000000000000000e+00
2.350000000000000000e+01,2.511473670974871908e+01,-1.000000000000000000e+00
2.850000000000000000e+01,2.511473670974871908e+01,-1.000000000000000000e+00
2.950000000000000000e+01,2.511473670974871908e+01,-1.000000000000000000e+00
3.000000000000000000e+01,2.482606157515390777e+01,1.000000000000000000e+00
3.050000000000000000e+01,2.511473670974871908e+01,-1.000000000000000000e+00
3.150000000000000000e+01,2.396003617136947028e+01,1.000000000000000000e+00
3.100000000000000000e+01,2.424871130596428159e+01,-1.000000000000000000e+00
3.100000000000000000e+01,2.482606157515390777e+01,1.000000000000000000e+00
3.150000000000000000e+01,2.511473670974871908e+01,-1.000000000000000000e+00
3.250000000000000000e+01,2.396003617136947028e+01,1.000000000000000000e+00
3.200000000000000000e+01,2.424871130596428159e+01,-1.000000000000000000e+00
3.200000000000000000e+01,2.482606157515390777e+01,1.000000000000000000e+00
3.250000000000000000e+01,2.511473670974871908e+01,-1.000000000000000000e+00
3.350000000000000000e+01,2.396003617136947028e+01,1.000000000000000000e+00
3.300000000000000000e+01,2.424871130596428159e+01,-1.000000000000000000e+00
3.300000000000000000e+01,2.482606157515390777e+01,1.000000000000000000e+00
3.350000000000000000e+01,2.511473670974871908e+01,-1.000000000000000000e+00
3.450000000000000000e+01,2.396003617136947028e+01,1.000000000000000000e+00
3.400000000000000000e+01,2.424871130596428159e+01,-1.000000000000000000e+00
3.400000000000000000e+01,2.482606157515390777e+01,1.000000000000000000e+00
3.450000000000000000e+01,2.511473670974871908e+01,-1.000000000000000000e+00
3.550000000000000000e+01,2.396003617136947028e+01,1.000000000000000000e+00
3.500000000000000000e+01,2.424871130596428159e+01,-1.000000000000000000e+00
3.500000000000000000e+01,2.482606157515390777e+01,1.000000000000000000e+00
3.550000000000000000e+01,2.511473670974871908e+01,-1.000000000000000000e+00
3.650000000000000000e+01,2.396003617136947028e+01,1.000000000000000000e+00
3.600000000000000000e+01,2.424871130596428159e+01,-1.000000000000000000e+00
3.600000000000000000e+01,2.482606157515390777e+01,1.000000000000000000e+00
3.650000000000000000e+01,2.511473670974871908e+01,-1.000000000000000000e+00
3.700000000000000000e+01,2.424871130596428159e+01,-1.000000000000000000e+00
3.700000000000000000e+01,2.482606157515390777e+01,1.000000000000000000e+00
1.550000000000000000e+01,2.569208697893834525e+01,1.000000000000000000e+00
1.650000000000000000e+01,2.569208697893834525e+01,1.000000000000000000e+00
1.600000000000000000e+01,2.598076211353315657e+01,-1.000000000000000000e+00
1.600000000000000000e+01,2.655811238272278274e+01,1.000000000000000000e+00
1.650000000000000000e+01,2.684678751731759405e+01,-1.000000000000000000e+00
1.750000000000000000e+01,2.569208697893834525e+01,1.000000000000000000e+00
1.700000000000000000e+01,2.598076211353315657e+01,-1.000000000000000000e+00
1.700000000000000000e+01,2.655811238272278274e+01,1.000000000000000000e+00
1.750000000000000000e+01,2.684678751731759405e+01,-1.000000000000000000e+00
1.850000000000000000e+01,2.569208697893834525e+01,1.000000000000000000e+00
1.800000000000000000e+01,2.598076211353315657e+01,-1.000000000000000000e+00
1.800000000000000000e+01,2.655811238272278274e+01,1.000000000000000000e+00
1.850000000000000000e+01,2.684678751731759405e+01,-1.000000000000000000e+00
1.950000000000000000e+01,2.569208697893834525e+01,1.000000000000000000e+00
1.900000000000000000e+01,2.598076211353315657e+01,-1.000000000000000000e+00
1.900000000000000000e+01,2.655811238272278274e+01,1.000000000000000000e+00
1.950000000000000000e+01,2.684678751731759405e+01,-1.000000000000000000e+00
2.050000000000000000e+01,2.569208697893834525e+01,1.000000000000000000e+00
2.000000000000000000e+01,2.598076211353315657e+01,-1.000000000000000000e+00
2.000000000000000000e+01,2.655811238272278274e+01,1.000000000000000000e+00
2.050000000000000000e+01,2.684678751731759405e+01,-1.000000000000000000e+00
2.150000000000000000e+01,2.569208697893834525e+01,1.000000000000000000e+00
2.100000000000000000e+01,2.598076211353315657e+01,-1.000000000000000000e+00
2.100000000000000000e+01,2.655811238272278274e+01,1.000000000000000000e+00
2.150000000000000000e+01,2.684678751731759405e+01,-1.000000000000000000e+00
2.250000000000000000e+01,2.569208697893834525e+01,1.000000000000000000e+00
2.200000000000000000e+01,2.598076211353315657e+01,-1.000000000000000000e+00
2.200000000000000000e+01,2.655811238272278274e+01,1.000000000000000000e+00
2.250000000000000000e+01,2.684678751731759405e+01,-1.000000000000000000e+00
2.350000000000000000e+01,2.569208697893834525e+01,1.000000000000000000e+00
2.300000000000000000e+01,2.598076211353315657e+01,-1.000000000000000000e+00
2.300000000000000000e+01,2.655811238272278274e+01,1.000000000000000000e+00
2.350000000000000000e+01,2.684678751731759405e+01,-1.000000000000000000e+00
2.450000000000000000e+01,2.569208697893834525e+01,1.000000000000000000e+00
2.400000000000000000e+01,2.598076211353315657e+01,-1.000000000000000000e+00
2.400000000000000000e+01,2.655811238272278274e+01,1.000000000000000000e+00
2.450000000000000000e+01,2.684678751731759405e+01,-1.000000000000000000e+00
2.550000000000000000e+01,2.569208697893834525e+01,1.000000000000000000e+00
2.500000000000000000e+01,2.598076211353315657e+01,-1.000000000000000000e+00
2.500000000000000000e+01,2.655811238272278274e+01,1.000000000000000000e+00
2.550000000000000000e+01,2.684678751731759405e+01,-1.000000000000000000e+00
2.650000000000000000e+01,2.569208697893834525e+01,1.000000000000000000e+00
2.600000000000000000e+01,2.598076211353315657e+01,-1.000000000000000000e+00
2.600000000000000000e+01,2.655811238272278274e+01,1.000000000000000000e+00
2.650000000000000000e+01,2.684678751731759405e+01,-1.000000000000000000e+00
2.750000000000000000e+01,2.569208697893834525e+01,1.000000000000000000e+00
2.700000000000000000e+01,2.598076211353315657e+01,-1.000000000000000000e+00
2.700000000000000000e+01,2.655811238272278274e+01,1.000000000000000000e+00
2.750000000000000000e+01,2.684678751731759405e+01,-1.000000000000000000e+00
2.850000000000000000e+01,2.569208697893834525e+01,1.000000000000000000e+00
2.800000000000000000e+01,2.598076211353315657e+01,-1.000000000000000000e+00
2.800000000000000000e+01,2.655811238272278274e+01,1.000000000000000000e+00
2.850000000000000000e+01,2.684678751731759405e+01,-1.000000000000000000e+00
2.950000000000000000e+01,2.569208697893834525e+01,1.000000000000000000e+00
2.900000000000000000e+01,2.598076211353315657e+01,-1.000000000000000000e+00
2.900000000000000000e+01,2.655811238272278274e+01,1.000000000000000000e+00
2.950000000000000000e+01,2.684678751731759405e+01,-1.000000000000000000e+00
3.050000000000000000e+01,2.569208697893834525e+01,1.000000000000000000e+00
3.000000000000000000e+01,2.598076211353315657e+01,-1.000000000000000000e+00
3.000000000000000000e+01,2.655811238272278274e+01,1.000000000000000000e+00
3.050000000000000000e+01,2.684678751731759405e+01,-1.000000000000000000e+00
3.150000000000000000e+01,2.569208697893834525e+01,1.000000000000000000e+00
3.100000000000000000e+01,2.598076211353315657e+01,-1.000000000000000000e+00
3.100000000000000000e+01,2.655811238272278274e+01,1.000000000000000000e+00
3.150000000000000000e+01,2.684678751731759405e+01,-1.000000000000000000e+00
3.250000000000000000e+01,2.569208697893834525e+01,1.000000000000000000e+00
3.200000000000000000e+01,2.598076211353315657e+01,-1.000000000000000000e+00
3.200000000000000000e+01,2.655811238272278274e+01,1.000000000000000000e+00
3.250000000000000000e+01,2.684678751731759405e+01,-1.000000000000000000e+00
3.350000000000000000e+01,2.569208697893834525e+01,1.000000000000000000e+00
3.300000000000000000e+01,2.598076211353315657e+01,-1.000000000000000000e+00
3.300000000000000000e+01,2.655811238272278274e+01,1.000000000000000000e+00
3.350000000000000000e+01,2.684678751731759405e+01,-1.000000000000000000e+00
3.450000000000000000e+01,2.569208697893834525e+01,1.000000000000000000e+00
3.400000000000000000e+01,2.598076211353315657e+01,-1.000000000000000000e+00
3.400000000000000000e+01,2.655811238272278274e+01,1.000000000000000000e+00
3.450000000000000000e+01,2.684678751731759405e+01,-1.000000000000000000e+00
3.550000000000000000e+01,2.569208697893834525e+01,1.000000000000000000e+00
3.500000000000000000e+01,2.598076211353315657e+01,-1.000000000000000000e+00
3.500000000000000000e+01,2.655811238272278274e+01,1.000000000000000000e+00
3.550000000000000000e+01,2.684678751731759405e+01,-1.000000000000000000e+00
3.650000000000000000e+01,2.569208697893834525e+01,1.000000000000000000e+00
3.600000000000000000e+01,2.598076211353315657e+01,-1.000000000000000000e+00
3.600000000000000000e+01,2.655811238272278274e+01,1.000000000000000000e+00
1.750000000000000000e+01,2.742413778650722378e+01,1.000000000000000000e+00
1.850000000000000000e+01,2.742413778650722378e+01,1.000000000000000000e+00
1.800000000000000000e+01,2.771281292110203509e+01,-1.000000000000000000e+00
1.850000000000000000e+01,2.857883832488647258e+01,-1.000000000000000000e+00
1.950000000000000000e+01,2.742413778650722378e+01,1.000000000000000000e+00
1.900000000000000000e+01,2.771281292110203509e+01,-1.000000000000000000e+00
1.900000000000000000e+01,2.829016319029166127e+01,1.000000000000000000e+00
1.950000000000000000e+01,2.857883832488647258e+01,-1.000000000000000000e+00
2.050000000000000000e+01,2.742413778650722378e+01,1.000000000000000000e+00
2.000000000000000000e+01,2.771281292110203509e+01,-1.000000000000000000e+00
2.000000000000000000e+01,2.829016319029166127e+01,1.000000000000000000e+00
2.050000000000000000e+01,2.857883832488647258e+01,-1.000000000000000000e+00
2.150000000000000000e+01,2.742413778650722378e+01,1.000000000000000000e+00
2.100000000000000000e+01,2.771281292110203509e+01,-1.000000000000000000e+00
2.100000000000000000e+01,2.829016319029166127e+01,1.000000000000000000e+00
2.150000000000000000e+01,2.857883832488647258e+01,-1.000000000000000000e+00
2.250000000000000000e+01,2.742413778650722378e+01,1.000000000000000000e+00
2.200000000000000000e+01,2.771281292110203509e+01,-1.000000000000000000e+00
2.200000000000000000e+01,2.829016319029166127e+01,1.000000000000000000e+00
2.250000000000000000e+01,2.857883832488647258e+01,-1.000000000000000000e+00
2.350000000000000000e+01,2.742413778650722378e+01,1.000000000000000000e+00
2.300000000000000000e+01,2.771281292110203509e+01,-1.000000000000000000e+00
2.300000000000000000e+01,2.829016319029166127e+01,1.000000000000000000e+00
2.350000000000000000e+01,2.857883832488647258e+01,-1.000000000000000000e+00
2.450000000000000000e+01,2.742413778650722378e+01,1.000000000000000000e+00
2.400000000000000000e+01,2.771281292110203509e+01,-1.000000000000000000e+00
2.400000000000000000e+01,2.829016319029166127e+01,1.000000000000000000e+00
2.450000000000000000e+01,2.857883832488647258e+01,-1.000000000000000000e+00
2.550000000000000000e+01,2.742413778650722378e+01,1.000000000000000000e+00
2.500000000000000000e+01,2.771281292110203509e+01,-1.000000000000000000e+00
2.500000000000000000e+01,2.829016319029166127e+01,1.000000000000000000e+00
2.550000000000000000e+01,2.857883832488647258e+01,-1.000000000000000000e+00
2.650000000000000000e+01,2.742413778650722378e+01,1.000000000000000000e+00
2.600000000000000000e+01,2.771281292110203509e+01,-1.000000000000000000e+00
2.600000000000000000e+01,2.829016319029166127e+01,1.000000000000000000e+00
2.650000000000000000e+01,2.857883832488647258e+01,-1.000000000000000000e+00
2.750000000000000000e+01,2.742413778650722378e+01,1.000000000000000000e+00
2.700000000000000000e+01,2.771281292110203509e+01,-1.000000000000000000e+00
2.700000000000000000e+01,2.829016319029166127e+01,1.000000000000000000e+00
2.750000000000000000e+01,2.857883832488647258e+01,-1.000000000000000000e+00
2.850000000000000000e+01,2.742413778650722378e+01,1.000000000000000000e+00
2.800000000000000000e+01,2.771281292110203509e+01,-1.000000000000000000e+00
2.800000000000000000e+01,2.829016319029166127e+01,1.000000000000000000e+00
2.850000000000000000e+01,2.857883832488647258e+01,-1.000000000000000000e+00
2.950000000000000000e+01,2.742413778650722378e+01,1.000000000000000000e+00
2.900000000000000000e+01,2.771281292110203509e+01,-1.000000000000000000e+00
2.900000000000000000e+01,2.829016319029166127e+01,1.000000000000000000e+00
2.950000000000000000e+01,2.857883832488647258e+01,-1.000000000000000000e+00
3.050000000000000000e+01,2.742413778650722378e+01,1.000000000000000000e+00
3.000000000000000000e+01,2.771281292110203509e+01,-1.000000000000000000e+00
3.000000000000000000e+01,2.829016319029166127e+01,1.000000000000000000e+00
3.050000000000000000e+01,2.857883832488647258e+01,-1.000000000000000000e+00
3.150000000000000000e+01,2.742413778650722378e+01,1.000000000000000000e+00
3.100000000000000000e+01,2.771281292110203509e+01,-1.000000000000000000e+00
3.100000000000000000e+01,2.829016319029166127e+01,1.000000000000000000e+00
3.150000000000000000e+01,2.857883832488647258e+01,-1.000000000000000000e+00
3.250000000000000000e+01,2.742413778650722378e+01,1.000000000000000000e+00
3.200000000000000000e+01,2.771281292110203509e+01,-1.000000000000000000e+00
3.200000000000000000e+01,2.829016319029166127e+01,1.000000000000000000e+00
3.250000000000000000e+01,2.857883832488647258e+01,-1.000000000000000000e+00
3.350000000000000000e+01,2.742413778650722378e+01,1.000000000000000000e+00
3.300000000000000000e+01,2.771281292110203509e+01,-1.000000000000000000e+00
3.300000000000000000e+01,2.829016319029166127e+01,1.000000000000000000e+00
3.350000000000000000e+01,2.857883832488647258e+01,-1.000000000000000000e+00
3.450000000000000000e+01,2.742413778650722378e+01,1.000000000000000000e+00
3.400000000000000000e+01,2.771281292110203509e+01,-1.000000000000000000e+00
2.050000000000000000e+01,2.915618859407610231e+01,1.000000000000000000e+00
2.150000000000000000e+01,2.915618859407610231e+01,1.000000000000000000e+00
2.100000000000000000e+01,2.944486372867091362e+01,-1.000000000000000000e+00
2.250000000000000000e+01,2.915618859407610231e+01,1.000000000000000000e+00
2.200000000000000000e+01,2.944486372867091362e+01,-1.000000000000000000e+00
2.200000000000000000e+01,3.002221399786053979e+01,1.000000000000000000e+00
2.350000000000000000e+01,2.915618859407610231e+01,1.000000000000000000e+00
2.300000000000000000e+01,2.944486372867091362e+01,-1.000000000000000000e+00
2.300000000000000000e+01,3.002221399786053979e+01,1.000000000000000000e+00
2.350000000000000000e+01,3.031088913245535110e+01,-1.000000000000000000e+00
2.450000000000000000e+01,2.915618859407610231e+01,1.000000000000000000e+00
2.400000000000000000e+01,2.944486372867091362e+01,-1.000000000000000000e+00
2.400000000000000000e+01,3.002221399786053979e+01,1.000000000000000000e+00
2.450000000000000000e+01,3.031088913245535110e+01,-1.000000000000000000e+00
2.550000000000000000e+01,2.915618859407610231e+01,1.000000000000000000e+00
2.500000000000000000e+01,2.944486372867091362e+01,-1.000000000000000000e+00
2.500000000000000000e+01,3.002221399786053979e+01,1.000000000000000000e+00
2.550000000000000000e+01,3.031088913245535110e+01,-1.000000000000000000e+00
2.650000000000000000e+01,2.915618859407610231e+01,1.000000000000000000e+00
2.600000000000000000e+01,2.944486372867091362e+01,-1.000000000000000000e+00
2.600000000000000000e+01,3.002221399786053979e+01,1.000000000000000000e+00
2.650000000000000000e+01,3.031088913245535110e+01,-1.000000000000000000e+00
2.750000000000000000e+01,2.915618859407610231e+01,1.000000000000000000e+00
2.700000000000000000e+01,2.944486372867091362e+01,-1.000000000000000000e+00
2.700000000000000000e+01,3.002221399786053979e+01,1.000000000000000000e+00
2.750000000000000000e+01,3.031088913245535110e+01,-1.000000000000000000e+00
2.850000000000000000e+01,2.915618859407610231e+01,1.000000000000000000e+00
2.800000000000000000e+01,2.944486372867091362e+01,-1.000000000000000000e+00
2.800000000000000000e+01,3.002221399786053979e+01,1.000000000000000000e+00
2.850000000000000000e+01,3.031088913245535110e+01,-1.000000000000000000e+00
2.950000000000000000e+01,2.915618859407610231e+01,1.000000000000000000e+00
2.900000000000000000e+01,2.944486372867091362e+01,-1.000000000000000000e+00
2.900000000000000000e+01,3.002221399786053979e+01,1.000000000000000000e+00
3.050000000000000000e+01,2.915618859407610231e+01,1.000000000000000000e+00
3.000000000000000000e+01,2.944486372867091362e+01,-1.000000000000000000e+00
3.000000000000000000e+01,3.002221399786053979e+01,1.000000000000000000e+00
3.150000000000000000e+01,2.915618859407610231e+01,1.000000000000000000e+00
3.100000000000000000e+01,2.944486372867091362e+01,-1.000000000000000000e+00
3.250000000000000000e+01,2.915618859407610231e+01,1.000000000000000000e+00
